Bay-01  (719,76)  (693,90)  (693,64)  (723,102)  (719,50)  
Bay-02  (790,31)  (764,41)  (799,57)  (772,5)  (798,5)  
Bay-03  (866,73)  (840,85)  (840,59)  (875,99)  (866,47)  
Bay-04  (941,28)  (915,43)  (915,17)  (950,54)  (941,2)  
Bay-05  (1012,73)  (986,78)  (1025,99)  (998,47)  (1024,47)  (1038,73)  
Bay-06  (1089,34)  (1063,39)  (1097,60)  (1070,8)  (1096,8)  
Bay-07  (1312,72)  (1286,78)  (1325,98)  (1298,46)  (1324,46)  (1338,72)  
Bay-08  (1388,29)  (1362,37)  (1400,55)  (1373,3)  (1399,3)  (1414,29)  
Bay-09  (1459,72)  (1433,73)  (1475,98)  (1448,46)  (1474,46)  (1485,72)  (1449,99)  
Bay-10  (1539,26)  (1513,39)  (1552,52)  (1525,0)  
Bay-11  (1613,71)  (1587,80)  (1626,97)  (1599,45)  (1639,71)  
Bay-12  (1689,29)  (1663,39)  (1700,55)  (1673,3)  (1699,3)  (1715,29)  
Bay-13  (709,161)  (683,159)  (724,187)  (709,135)  (735,150)  
Bay-14  (781,119)  (798,145)  (771,93)  (797,93)  (807,119)  
Bay-15  (864,158)  (838,168)  (875,184)  (848,132)  (874,132)  (890,158)  
Bay-16  (936,115)  (910,120)  (950,141)  (923,89)  (949,89)  (962,115)  
Bay-17  (1011,159)  (985,163)  (1025,185)  (998,133)  (1024,133)  (1037,159)  
Bay-18  (1083,116)  (1099,142)  (1073,142)  (1073,90)  (1099,90)  (1109,116)  
Bay-19  (1160,158)  (1134,161)  (1175,184)  (1148,132)  (1174,132)  (1186,158)  (1149,187)  
Bay-20  (1236,201)  (1210,206)  (1250,227)  (1223,175)  (1249,175)  (1262,201)  
Bay-21  (1312,158)  (1286,164)  (1325,184)  (1298,132)  (1324,132)  (1338,158)  
Bay-22  (1384,116)  (1358,116)  (1399,142)  (1373,142)  (1373,90)  (1399,90)  (1410,116)  
Bay-23  (1459,157)  (1433,159)  (1476,183)  (1449,131)  (1485,150)  (1450,185)  
Bay-24  (1535,117)  (1509,118)  (1549,143)  (1522,91)  (1548,91)  (1561,117)  
Bay-25  (1609,158)  (1583,159)  (1625,184)  (1598,132)  (1624,132)  (1635,158)  (1599,185)  
Bay-26  (1684,116)  (1658,116)  (1699,142)  (1673,142)  (1673,90)  (1699,90)  (1710,116)  
Bay-27  (786,203)  (760,206)  (799,229)  (772,177)  (798,177)  (812,203)  
Bay-28  (1012,245)  (986,250)  (1025,271)  (998,219)  (1024,219)  (1038,245)  
Bay-29  (1088,200)  (1062,209)  (1100,226)  (1074,174)  (1114,199)  
Bay-30  (1161,244)  (1135,249)  (1175,270)  (1148,218)  (1174,218)  (1187,244)  
Bay-31  (1307,240)  (1328,266)  (1302,266)  (1333,232)  
Bay-32  (1387,201)  (1361,208)  (1400,227)  (1373,175)  (1399,175)  (1413,201)  
Bay-33  (1464,245)  (1438,254)  (1475,271)  (1448,219)  (1474,219)  (1490,245)  
Bay-34  (1537,201)  (1511,208)  (1550,227)  (1523,175)  (1549,175)  (1563,201)  
Bay-35  (1614,245)  (1588,254)  (1625,271)  (1598,219)  (1624,219)  (1640,245)  
Bay-36  (1689,202)  (1663,211)  (1699,228)  (1673,176)  (1699,176)  (1715,202)  
Bay-37  (1010,330)  (984,333)  (1025,356)  (998,304)  (1024,304)  (1036,330)  (999,359)  
Bay-38  (1086,287)  (1060,292)  (1100,313)  (1073,261)  (1099,261)  (1112,287)  
Bay-39  (1163,333)  (1137,338)  (1174,359)  (1146,307)  (1172,307)  (1189,333)  
Bay-40  (1237,287)  (1211,294)  (1250,313)  (1223,261)  (1249,261)  (1263,287)  
Bay-41  (1310,329)  (1284,333)  (1326,355)  (1299,303)  (1336,323)  (1300,359)  
Bay-42  (1387,287)  (1361,294)  (1400,313)  (1373,261)  (1399,261)  (1413,287)  
Bay-43  (1463,330)  (1437,338)  (1475,356)  (1448,304)  (1474,304)  (1489,330)  
Bay-44  (1539,289)  (1513,297)  (1549,315)  (1522,263)  (1548,263)  
Bay-45  (1611,327)  (1585,335)  (1627,353)  (1600,301)  (1637,325)  
Bay-46  (1688,285)  (1662,295)  (1701,311)  (1674,259)  (1714,285)  
Bay-47  (1240,375)  (1214,385)  (1249,401)  (1222,349)  (1248,349)  
Bay-48  (1305,416)  (1325,442)  (1299,442)  (1298,390)  (1324,390)  (1331,416)  
Bay-49  (1388,373)  (1362,381)  (1400,399)  (1373,347)  (1399,347)  (1414,373)  
Bay-50  (1460,414)  (1434,419)  (1476,440)  (1449,388)  (1486,409)  (1450,445)  
Bay-51  (1534,377)  (1508,374)  (1548,403)  (1534,351)  (1560,364)  
Bay-52  (1684,373)  (1658,374)  (1700,399)  (1673,347)  (1699,347)  (1710,373)  (1674,400)  
Bay-53  (1310,498)  (1284,505)  (1328,524)  (1336,495)  (1302,531)  
Bay-54  (1386,461)  (1360,464)  (1399,487)  (1372,435)  (1398,435)  (1412,461)  
Bay-55  (1466,501)  (1440,515)  (1440,489)  (1476,527)  (1466,475)  
Bay-56  (1543,458)  (1517,476)  (1517,450)  (1550,484)  (1543,432)  
Bay-57  (1389,544)  (1363,555)  (1400,570)  (1374,518)  
Caldera-01  (262,245)  (236,250)  (275,271)  (248,219)  (274,219)  (288,245)  
Caldera-02  (188,288)  (162,295)  (199,314)  (173,262)  (199,262)  (214,288)  
Caldera-03  (263,324)  (237,338)  (279,350)  
Caldera-04  (335,292)  (309,290)  (347,318)  (335,266)  (361,280)  
Caldera-05  (414,330)  (388,340)  (425,356)  (398,304)  (424,304)  (440,330)  
Caldera-06  (182,375)  (199,401)  (173,401)  (172,349)  (198,349)  (208,375)  
Caldera-07  (263,417)  (237,424)  (275,443)  (248,391)  (274,391)  (289,417)  
Caldera-08  (336,377)  (310,378)  (348,403)  (321,351)  (347,351)  (362,377)  
Caldera-09  (417,420)  (391,431)  (391,405)  (423,446)  (417,394)  
Caldera-10  (187,461)  (161,466)  (199,487)  (172,435)  (198,435)  (213,461)  
Caldera-11  (188,547)  (162,553)  (199,573)  (172,521)  (198,521)  (214,547)  
Caldera-12  (263,579)  (237,596)  (281,605)  
Caldera-13  (189,631)  (163,641)  (200,657)  (173,605)  (199,605)  (215,631)  
Caldera-14  (339,630)  (313,641)  (350,656)  (324,604)  
Caldera-15  (112,674)  (86,680)  (125,700)  (98,648)  (124,648)  (138,674)  
Caldera-16  (262,673)  (236,680)  (276,699)  (249,647)  (288,671)  
Caldera-17  (39,716)  (13,727)  (50,742)  (24,690)  
Caldera-18  (112,758)  (86,766)  (126,784)  (99,732)  (138,757)  
Caldera-19  (183,719)  (199,745)  (173,745)  (172,693)  (198,693)  (209,719)  
Caldera-20  (260,759)  (234,763)  (276,785)  (249,733)  (286,753)  (250,789)  
Caldera-21  (188,804)  (162,811)  (199,830)  (173,778)  (199,778)  (214,804)  
Caldera-22  (333,803)  (350,829)  (324,829)  (323,777)  (349,777)  (359,803)  
Caldera-23  (413,846)  (387,854)  (425,872)  (398,820)  (424,820)  (439,846)  
Caldera-24  (486,804)  (460,808)  (499,830)  (473,778)  (499,778)  (512,804)  
Caldera-25  (565,761)  (539,771)  (575,787)  (548,735)  (574,735)  
Caldera-26  (564,673)  (538,684)  (576,699)  (549,647)  
Caldera-27  (560,588)  (534,591)  (575,614)  (548,562)  (574,562)  (586,588)  (549,617)  
Europe-01  (1761,72)  (1735,77)  (1775,98)  (1748,46)  (1774,46)  (1787,72)  
Europe-02  (1839,29)  (1813,39)  (1850,55)  (1823,3)  (1849,3)  (1865,29)  
Europe-03  (1913,73)  (1887,80)  (1925,99)  (1898,47)  (1924,47)  (1939,73)  
Europe-04  (1991,27)  (1965,43)  (1965,17)  (2001,53)  (1991,1)  
Europe-05  (2064,73)  (2038,82)  (2075,99)  (2048,47)  (2074,47)  (2090,73)  
Europe-06  (2139,32)  (2113,39)  (2148,58)  (2122,6)  (2148,6)  
Europe-07  (2216,72)  (2190,85)  (2190,59)  (2225,98)  (2216,46)  
Europe-08  (2288,31)  (2262,37)  (2299,57)  (2272,5)  (2298,5)  (2314,31)  
Europe-1001  (1166,934)  (1140,945)  (1140,919)  (1174,960)  (1166,908)  
Europe-1002  (1238,887)  (1212,897)  (1251,913)  (1224,861)  (1264,887)  
Europe-1003  (1315,936)  (1289,943)  (1323,962)  (1296,910)  (1322,910)  
Europe-1004  (1388,893)  (1362,897)  (1398,919)  (1371,867)  (1397,867)  
Europe-1005  (1465,934)  (1439,943)  (1474,960)  (1447,908)  (1473,908)  
Europe-1006  (1535,891)  (1509,892)  (1549,917)  (1522,865)  (1548,865)  (1561,891)  
Europe-1007  (1610,930)  (1584,935)  (1626,956)  (1599,904)  (1636,925)  (1600,961)  
Europe-1008  (1686,892)  (1660,894)  (1698,918)  (1672,866)  (1698,866)  (1712,892)  
Europe-1009  (1765,933)  (1739,943)  (1775,959)  (1748,907)  (1774,907)  
Europe-101  (1761,161)  (1735,163)  (1774,187)  (1746,135)  (1772,135)  (1787,161)  
Europe-1010  (1836,892)  (1810,894)  (1848,918)  (1822,866)  (1848,866)  (1862,892)  
Europe-1011  (1912,931)  (1886,938)  (1926,957)  (1899,905)  (1938,929)  
Europe-1012  (1988,893)  (1962,897)  (1998,919)  (1971,867)  (1997,867)  
Europe-1013  (2064,933)  (2038,942)  (2075,959)  (2048,907)  (2074,907)  (2090,933)  
Europe-1014  (2140,887)  (2114,901)  (2151,913)  (2124,861)  
Europe-1015  (2208,931)  (2226,957)  (2200,957)  (2199,905)  (2234,922)  
Europe-1016  (2286,889)  (2260,894)  (2300,915)  (2273,863)  (2299,863)  (2312,889)  
Europe-1017  (2363,933)  (2337,940)  (2375,959)  (2348,907)  (2374,907)  (2389,933)  
Europe-1018  (2442,889)  (2416,904)  (2416,878)  (2450,915)  (2442,863)  
Europe-102  (1837,114)  (1811,122)  (1850,140)  (1824,88)  (1863,111)  
Europe-103  (1914,158)  (1888,168)  (1925,184)  (1898,132)  (1924,132)  (1940,158)  
Europe-104  (1985,117)  (1959,118)  (1999,143)  (1972,91)  (1998,91)  (2011,117)  
Europe-105  (2060,156)  (2034,161)  (2076,182)  (2049,130)  (2086,151)  (2050,187)  
Europe-106  (2137,118)  (2111,122)  (2148,144)  (2122,92)  (2148,92)  (2163,118)  
Europe-107  (2213,156)  (2187,166)  (2226,182)  (2199,130)  
Europe-108  (2289,115)  (2263,125)  (2300,141)  (2273,89)  (2299,89)  (2315,115)  
Europe-1101  (1162,1020)  (1136,1024)  (1174,1046)  (1147,994)  (1173,994)  (1188,1020)  
Europe-1102  (1236,976)  (1210,980)  (1249,1002)  (1223,950)  (1249,950)  (1262,976)  
Europe-1103  (1311,1017)  (1285,1023)  (1326,1043)  (1299,991)  (1337,1013)  
Europe-1104  (1385,975)  (1359,978)  (1400,1001)  (1373,949)  (1399,949)  (1411,975)  (1374,1004)  
Europe-1105  (1464,1017)  (1438,1028)  (1476,1043)  (1449,991)  
Europe-1106  (1532,975)  (1550,1001)  (1524,1001)  (1523,949)  (1549,949)  (1558,975)  
Europe-1107  (1613,1018)  (1587,1026)  (1625,1044)  (1598,992)  (1624,992)  (1639,1018)  
Europe-1108  (1685,977)  (1659,978)  (1699,1003)  (1672,951)  (1698,951)  (1711,977)  
Europe-1109  (1760,1017)  (1734,1021)  (1776,1043)  (1749,991)  (1786,1011)  (1750,1047)  
Europe-1110  (1836,974)  (1810,980)  (1850,1000)  (1824,948)  (1862,970)  
Europe-1111  (1906,1015)  (1927,1041)  (1901,1041)  (1900,989)  (1932,1004)  
Europe-1112  (1985,974)  (1959,978)  (2000,1000)  (1974,948)  (2011,968)  (1974,1004)  
Europe-1113  (2062,1019)  (2036,1024)  (2075,1045)  (2048,993)  (2074,993)  (2088,1019)  
Europe-1114  (2136,975)  (2110,980)  (2150,1001)  (2123,949)  (2149,949)  (2162,975)  
Europe-1115  (2213,1016)  (2187,1026)  (2226,1042)  (2199,990)  
Europe-1116  (2285,975)  (2259,978)  (2300,1001)  (2273,949)  (2299,949)  (2311,975)  (2274,1004)  
Europe-1117  (2362,1019)  (2336,1024)  (2375,1045)  (2348,993)  (2374,993)  (2388,1019)  
Europe-1118  (2438,976)  (2412,983)  (2449,1002)  (2423,950)  (2449,950)  (2464,976)  
Europe-1202  (1388,1063)  (1362,1069)  (1399,1089)  (1372,1037)  (1398,1037)  (1414,1063)  
Europe-1203  (1465,1105)  (1439,1115)  (1475,1131)  (1448,1079)  (1474,1079)  
Europe-1204  (1541,1060)  (1515,1075)  (1515,1049)  (1550,1086)  (1541,1034)  
Europe-1205  (1614,1105)  (1588,1114)  (1625,1131)  (1598,1079)  (1624,1079)  (1640,1105)  
Europe-1206  (1689,1063)  (1663,1071)  (1699,1089)  (1672,1037)  (1698,1037)  
Europe-1207  (1761,1105)  (1735,1109)  (1775,1131)  (1748,1079)  (1774,1079)  (1787,1105)  
Europe-1208  (1837,1061)  (1811,1068)  (1850,1087)  (1823,1035)  (1849,1035)  (1863,1061)  
Europe-1209  (1915,1104)  (1889,1115)  (1925,1130)  (1898,1078)  (1924,1078)  
Europe-1210  (1988,1064)  (1962,1069)  (1998,1090)  (1972,1038)  (1998,1038)  
Europe-1211  (2064,1105)  (2038,1114)  (2075,1131)  (2048,1079)  (2074,1079)  (2090,1105)  
Europe-1212  (2138,1062)  (2112,1069)  (2149,1088)  (2123,1036)  (2149,1036)  (2164,1062)  
Europe-1213  (2212,1102)  (2186,1110)  (2226,1128)  (2199,1076)  (2238,1101)  
Europe-1214  (2283,1063)  (2299,1089)  (2273,1089)  (2272,1037)  (2298,1037)  (2309,1063)  
Europe-1216  (2439,1061)  (2413,1071)  (2450,1087)  (2423,1035)  (2449,1035)  (2465,1061)  
Europe-1302  (1464,1195)  (1438,1200)  (1445,1169)  (1471,1169)  
Europe-1303  (1537,1147)  (1511,1154)  (1550,1173)  (1523,1121)  (1549,1121)  (1563,1147)  
Europe-1305  (1688,1148)  (1662,1155)  (1699,1174)  (1673,1122)  (1699,1122)  (1714,1148)  
Europe-1306  (1762,1188)  (1736,1196)  (1776,1214)  (1749,1162)  (1788,1187)  
Europe-1307  (1835,1146)  (1809,1150)  (1850,1172)  (1824,1120)  (1861,1140)  (1824,1176)  
Europe-1308  (1914,1190)  (1888,1200)  (1925,1216)  (1898,1164)  (1924,1164)  (1940,1190)  
Europe-1309  (1984,1149)  (1958,1148)  (1999,1175)  (1973,1175)  (1984,1123)  (2010,1138)  
Europe-1311  (2145,1148)  (2119,1168)  (2119,1142)  (2149,1174)  (2145,1122)  
Europe-1401  (1835,1236)  (1809,1236)  (1848,1262)  (1822,1210)  (1848,1210)  (1861,1236)  
Europe-201  (1763,246)  (1737,252)  (1774,272)  (1747,220)  (1773,220)  (1789,246)  
Europe-202  (1836,204)  (1810,206)  (1848,230)  (1822,178)  (1848,178)  (1862,204)  
Europe-203  (1909,244)  (1883,245)  (1925,270)  (1898,218)  (1924,218)  (1935,244)  (1899,271)  
Europe-204  (1988,204)  (1962,209)  (1998,230)  (1972,178)  (1998,178)  
Europe-205  (2066,243)  (2040,257)  (2040,231)  (2076,269)  (2066,217)  
Europe-206  (2138,200)  (2112,209)  (2150,226)  (2124,174)  (2164,199)  
Europe-207  (2217,245)  (2191,259)  (2191,233)  (2225,271)  (2217,219)  
Europe-208  (2286,205)  (2260,206)  (2298,231)  (2271,179)  (2297,179)  (2312,205)  
Europe-210  (2438,200)  (2412,209)  (2450,226)  (2424,174)  (2464,199)  
Europe-301  (1769,328)  (1743,348)  (1743,322)  (1776,354)  (1769,302)  
Europe-302  (1836,291)  (1810,292)  (1848,317)  (1821,265)  (1847,265)  (1862,291)  
Europe-303  (1914,331)  (1888,340)  (1925,357)  (1898,305)  (1924,305)  (1940,331)  
Europe-304  (1988,287)  (1962,295)  (2000,313)  (1973,261)  (1999,261)  (2014,287)  
Europe-305  (2064,331)  (2038,340)  (2075,357)  (2048,305)  (2074,305)  (2090,331)  
Europe-306  (2140,288)  (2114,299)  (2149,314)  (2123,262)  (2149,262)  
Europe-307  (2209,329)  (2183,331)  (2226,355)  (2199,303)  (2235,322)  (2200,357)  
Europe-308  (2288,285)  (2262,295)  (2301,311)  (2274,259)  (2314,285)  
Europe-310  (2441,284)  (2415,301)  (2415,275)  (2452,310)  (2441,258)  
Europe-401  (1613,414)  (1587,424)  (1626,440)  (1599,388)  
Europe-403  (1764,415)  (1738,426)  (1776,441)  (1749,389)  
Europe-404  (1838,374)  (1812,381)  (1849,400)  (1823,348)  (1849,348)  (1864,374)  
Europe-405  (1914,413)  (1888,426)  (1927,439)  (1900,387)  
Europe-406  (1987,373)  (1961,380)  (2000,399)  (1973,347)  (1999,347)  (2013,373)  
Europe-407  (2061,415)  (2035,421)  (2076,441)  (2049,389)  (2087,411)  
Europe-408  (2137,375)  (2111,380)  (2149,401)  (2122,349)  (2148,349)  (2163,375)  
Europe-409  (2212,416)  (2186,422)  (2225,442)  (2198,390)  (2224,390)  (2238,416)  
Europe-410  (2286,372)  (2260,378)  (2300,398)  (2274,346)  (2312,368)  
Europe-411  (2363,417)  (2337,424)  (2375,443)  (2348,391)  (2374,391)  (2389,417)  
Europe-412  (2440,374)  (2414,385)  (2449,400)  (2423,348)  (2449,348)  
Europe-501  (1613,501)  (1587,510)  (1626,527)  (1599,475)  (1639,501)  
Europe-502  (1689,460)  (1663,469)  (1699,486)  (1673,434)  (1699,434)  (1715,460)  
Europe-503  (1769,502)  (1743,520)  (1743,494)  (1775,528)  (1769,476)  
Europe-504  (1839,458)  (1813,469)  (1850,484)  (1824,432)  
Europe-505  (1911,502)  (1885,507)  (1925,528)  (1898,476)  (1924,476)  (1937,502)  
Europe-506  (1987,460)  (1961,466)  (1999,486)  (1973,434)  (1999,434)  (2013,460)  
Europe-507  (2069,504)  (2043,520)  (2043,494)  (2074,530)  (2069,478)  
Europe-508  (2139,458)  (2113,469)  (2150,484)  (2124,432)  
Europe-509  (2211,502)  (2185,507)  (2225,528)  (2198,476)  (2224,476)  (2237,502)  
Europe-510  (2287,459)  (2261,466)  (2300,485)  (2273,433)  (2299,433)  (2313,459)  
Europe-511  (2360,502)  (2334,505)  (2375,528)  (2348,476)  (2374,476)  (2386,502)  (2349,531)  
Europe-512  (2439,462)  (2413,469)  (2448,488)  (2422,436)  (2448,436)  
Europe-601  (1461,587)  (1435,593)  (1476,613)  (1449,561)  (1487,583)  
Europe-602  (1535,548)  (1509,548)  (1548,574)  (1522,522)  (1548,522)  (1561,548)  
Europe-603  (1611,590)  (1585,593)  (1624,616)  (1597,564)  (1623,564)  (1637,590)  
Europe-604  (1692,546)  (1666,560)  (1666,534)  (1699,572)  (1692,520)  
Europe-605  (1762,588)  (1736,594)  (1775,614)  (1748,562)  (1774,562)  (1788,588)  
Europe-606  (1839,546)  (1813,555)  (1849,572)  (1823,520)  (1849,520)  (1865,546)  
Europe-607  (1911,584)  (1885,593)  (1928,610)  (1937,583)  
Europe-608  (1990,545)  (1964,557)  (2000,571)  (1973,519)  (1999,519)  
Europe-609  (2066,586)  (2040,601)  (2040,575)  (2076,612)  (2066,560)  
Europe-610  (2140,547)  (2114,557)  (2149,573)  (2122,521)  (2148,521)  
Europe-611  (2215,589)  (2189,599)  (2225,615)  (2198,563)  (2224,563)  
Europe-612  (2291,548)  (2265,559)  (2265,533)  (2298,574)  (2291,522)  
Europe-613  (2363,587)  (2337,596)  (2376,613)  (2349,561)  (2389,587)  
Europe-614  (2437,547)  (2411,552)  (2449,573)  (2422,521)  (2448,521)  (2463,547)  
Europe-702  (1391,634)  (1365,645)  (1365,619)  (1398,660)  (1391,608)  
Europe-703  (1463,677)  (1437,682)  (1474,703)  (1446,651)  (1472,651)  (1489,677)  
Europe-704  (1535,637)  (1509,634)  (1535,611)  (1561,624)  
Europe-705  (1613,677)  (1587,682)  (1624,703)  (1596,651)  (1622,651)  (1639,677)  
Europe-706  (1686,634)  (1660,636)  (1698,660)  (1672,608)  (1698,608)  (1712,634)  
Europe-707  (1760,675)  (1734,677)  (1775,701)  (1748,649)  (1774,649)  (1786,675)  (1749,703)  
Europe-708  (1837,634)  (1811,638)  (1848,660)  (1822,608)  (1848,608)  (1863,634)  
Europe-709  (1910,675)  (1884,677)  (1925,701)  (1898,649)  (1924,649)  (1936,675)  (1899,703)  
Europe-710  (1985,635)  (1959,634)  (1998,661)  (1985,609)  (2011,624)  
Europe-711  (2059,676)  (2033,675)  (2074,702)  (2059,650)  (2085,666)  
Europe-712  (2140,632)  (2114,643)  (2149,658)  (2123,606)  (2149,606)  
Europe-713  (2211,674)  (2185,679)  (2225,700)  (2198,648)  (2224,648)  (2237,674)  
Europe-714  (2283,633)  (2299,659)  (2273,659)  (2272,607)  (2298,607)  (2309,633)  
Europe-715  (2359,671)  (2333,675)  (2377,697)  (2350,645)  (2385,666)  (2351,701)  
Europe-716  (2442,637)  (2416,646)  (2416,620)  (2442,611)  
Europe-801  (1313,758)  (1287,768)  (1326,784)  (1299,732)  
Europe-802  (1385,720)  (1359,720)  (1398,746)  (1372,694)  (1398,694)  (1411,720)  
Europe-803  (1463,764)  (1437,768)  (1473,790)  (1446,738)  (1472,738)  
Europe-804  (1539,720)  (1513,727)  (1548,746)  (1522,694)  (1548,694)  
Europe-805  (1612,762)  (1586,766)  (1624,788)  (1597,736)  (1623,736)  (1638,762)  
Europe-806  (1685,721)  (1659,720)  (1698,747)  (1685,695)  (1711,710)  
Europe-807  (1761,763)  (1735,765)  (1774,789)  (1746,737)  (1772,737)  (1787,763)  
Europe-808  (1834,719)  (1808,718)  (1849,745)  (1823,745)  (1834,693)  (1860,708)  
Europe-809  (1918,760)  (1892,777)  (1892,751)  (1925,786)  (1918,734)  
Europe-810  (1990,717)  (1964,729)  (2000,743)  (1973,691)  (1999,691)  
Europe-811  (2061,759)  (2035,765)  (2076,785)  (2049,733)  (2087,755)  
Europe-812  (2140,716)  (2114,729)  (2150,742)  (2124,690)  
Europe-813  (2213,761)  (2187,768)  (2225,787)  (2198,735)  (2224,735)  (2239,761)  
Europe-8144  (2289,718)  (2263,727)  (2299,744)  (2273,692)  (2299,692)  (2315,718)  
Europe-815  (2362,761)  (2336,766)  (2375,787)  (2348,735)  (2374,735)  (2388,761)  
Europe-816  (2435,720)  (2409,720)  (2448,746)  (2422,694)  (2448,694)  (2461,720)  
Europe-901  (1162,846)  (1136,852)  (1175,872)  (1148,820)  (1174,820)  (1188,846)  
Europe-902  (1238,806)  (1212,811)  (1248,832)  (1222,780)  (1248,780)  
Europe-903  (1314,848)  (1288,856)  (1324,874)  (1297,822)  (1323,822)  
Europe-904  (1388,806)  (1362,811)  (1398,832)  (1372,780)  (1398,780)  
Europe-905  (1464,847)  (1438,856)  (1475,873)  (1448,821)  (1474,821)  (1490,847)  
Europe-906  (1541,805)  (1515,817)  (1515,791)  (1549,831)  (1541,779)  
Europe-907  (1610,846)  (1584,849)  (1625,872)  (1598,820)  (1624,820)  (1636,846)  (1599,875)  
Europe-908  (1688,805)  (1662,811)  (1699,831)  (1672,779)  (1698,779)  (1714,805)  
Europe-909  (1761,846)  (1735,851)  (1775,872)  (1748,820)  (1774,820)  (1787,846)  
Europe-910  (1837,804)  (1811,810)  (1849,830)  (1823,778)  (1849,778)  (1863,804)  
Europe-911  (1916,846)  (1890,859)  (1890,833)  (1925,872)  (1916,820)  
Europe-912  (1984,805)  (1958,804)  (1999,831)  (1973,831)  (1984,779)  (2010,794)  
Europe-913  (2060,849)  (2034,849)  (2074,875)  (2046,823)  (2072,823)  (2086,849)  
Europe-914  (2138,806)  (2112,811)  (2148,832)  (2122,780)  (2148,780)  
Europe-915  (2211,846)  (2185,851)  (2225,872)  (2198,820)  (2224,820)  (2237,846)  
Europe-916  (2290,806)  (2264,815)  (2298,832)  (2272,780)  (2298,780)  
Europe-917  (2358,845)  (2376,871)  (2350,871)  (2349,819)  (2384,836)  
Europe-918  (2438,805)  (2412,811)  (2449,831)  (2422,779)  (2448,779)  (2464,805)  
Lake-01  (482,1320)  (499,1346)  (473,1346)  (473,1294)  (499,1294)  (508,1320)  
Lake-02  (565,1365)  (539,1373)  (574,1391)  (546,1339)  (572,1339)  
Lake-03  (637,1319)  (611,1326)  (650,1345)  (623,1293)  (649,1293)  (663,1319)  
Lake-04  (411,1362)  (385,1367)  (425,1388)  (398,1336)  (424,1336)  (437,1362)  
Lake-05  (711,1362)  (685,1367)  (725,1388)  (698,1336)  (724,1336)  (737,1362)  
Lake-06  (261,1448)  (235,1453)  (275,1474)  (248,1422)  (274,1422)  (287,1448)  
Lake-07  (338,1404)  (312,1413)  (350,1430)  (324,1378)  (364,1403)  
Lake-08  (414,1448)  (388,1458)  (425,1474)  (398,1422)  (424,1422)  (440,1448)  
Lake-09  (491,1410)  (465,1419)  (465,1393)  (497,1436)  (491,1384)  
Lake-10  (562,1448)  (536,1454)  (575,1474)  (548,1422)  (574,1422)  (588,1448)  
Lake-11  (637,1406)  (611,1412)  (649,1432)  (623,1380)  (649,1380)  (663,1406)  
Lake-12  (714,1446)  (688,1458)  (726,1472)  (699,1420)  
Lake-13  (785,1404)  (759,1408)  (800,1430)  (774,1378)  (811,1398)  (774,1434)  
Lake-14  (867,1447)  (841,1463)  (841,1437)  (876,1473)  (867,1421)  
Lake-15  (262,1535)  (236,1540)  (275,1561)  (248,1509)  (274,1509)  (288,1535)  
Lake-16  (335,1492)  (309,1494)  (349,1518)  (323,1466)  (349,1466)  (361,1492)  
Lake-17  (414,1538)  (388,1544)  (423,1564)  (396,1512)  (422,1512)  
Lake-18  (487,1493)  (461,1498)  (499,1519)  (472,1467)  (498,1467)  (513,1493)  
Lake-19  (563,1535)  (537,1542)  (575,1561)  (548,1509)  (574,1509)  (589,1535)  
Lake-20  (638,1493)  (612,1499)  (649,1519)  (622,1467)  (648,1467)  (664,1493)  
Lake-21  (712,1533)  (686,1540)  (726,1559)  (699,1507)  (738,1531)  
Lake-22  (784,1489)  (758,1492)  (801,1515)  (774,1463)  (810,1482)  (775,1518)  
Lake-23  (863,1532)  (837,1542)  (876,1558)  (849,1506)  
Lake-24  (258,1615)  (278,1641)  (252,1641)  (284,1610)  
Lake-25  (337,1579)  (311,1584)  (349,1605)  (322,1553)  (348,1553)  (363,1579)  
Lake-26  (412,1620)  (386,1626)  (425,1646)  (398,1594)  (424,1594)  (438,1620)  
Lake-27  (484,1581)  (458,1578)  (498,1607)  (484,1555)  (510,1568)  
Lake-28  (562,1619)  (536,1626)  (576,1645)  (549,1593)  (588,1617)  
Lake-29  (641,1579)  (615,1591)  (615,1565)  (649,1605)  (641,1553)  
Lake-30  (711,1615)  (685,1625)  (728,1641)  (737,1615)  
Lake-31  (789,1579)  (763,1587)  (799,1605)  (772,1553)  (798,1553)  
Lake-32  (868,1621)  (842,1637)  (842,1611)  (875,1647)  (868,1595)  
Lake-33  (938,1578)  (912,1585)  (949,1604)  (923,1552)  (949,1552)  (964,1578)  
Lake-34  (1015,1620)  (989,1631)  (1025,1646)  (998,1594)  (1024,1594)  
Lake-35  (189,1665)  (163,1673)  (199,1691)  (172,1639)  (198,1639)  
Lake-36  (262,1703)  (236,1712)  (277,1729)  (250,1677)  (288,1703)  
Lake-37  (336,1665)  (310,1668)  (349,1691)  (322,1639)  (348,1639)  (362,1665)  
Lake-38  (487,1666)  (461,1670)  (498,1692)  (472,1640)  (498,1640)  (513,1666)  
Lake-39  (643,1665)  (617,1680)  (617,1654)  (649,1691)  (643,1639)  
Lake-40  (788,1667)  (762,1671)  (798,1693)  (771,1641)  (797,1641)  
Lake-41  (862,1702)  (836,1712)  (878,1728)  
Lake-42  (938,1665)  (912,1671)  (949,1691)  (922,1639)  (948,1639)  (964,1665)  
Lake-43  (1017,1704)  (991,1721)  (991,1695)  (1026,1730)  (1017,1678)  
Lake-44  (1086,1664)  (1060,1668)  (1099,1690)  (1073,1638)  (1099,1638)  (1112,1664)  
Lake-45  (1163,1706)  (1137,1714)  (1175,1732)  (1148,1680)  (1174,1680)  (1189,1706)  
Lake-46  (183,1750)  (199,1776)  (173,1776)  (173,1724)  (199,1724)  (209,1750)  
Lake-47  (260,1792)  (234,1795)  (275,1818)  (248,1766)  (274,1766)  (286,1792)  (249,1821)  
Lake-48  (333,1750)  (349,1776)  (323,1776)  (323,1724)  (349,1724)  (359,1750)  
Lake-49  (935,1746)  (909,1752)  (952,1772)  (925,1720)  (961,1742)  (926,1778)  
Lake-50  (1011,1793)  (985,1797)  (1025,1819)  (998,1767)  (1024,1767)  (1037,1793)  
Lake-51  (1088,1749)  (1062,1757)  (1100,1775)  (1073,1723)  (1099,1723)  (1114,1749)  
Lake-52  (1164,1791)  (1138,1802)  (1176,1817)  (1149,1765)  
Lake-53  (186,1836)  (160,1840)  (199,1862)  (173,1810)  (199,1810)  (212,1836)  
Lake-54  (266,1880)  (240,1891)  (240,1865)  (274,1906)  (266,1854)  
Lake-55  (340,1836)  (314,1847)  (349,1862)  (323,1810)  (349,1810)  
Lake-56  (409,1877)  (383,1879)  (426,1903)  (399,1851)  (435,1870)  (400,1905)  
Lake-57  (489,1836)  (463,1845)  (499,1862)  (473,1810)  (499,1810)  (515,1836)  
Lake-58  (564,1876)  (538,1888)  (576,1902)  (549,1850)  
Lake-59  (712,1877)  (686,1884)  (726,1903)  (699,1851)  (738,1875)  
Lake-60  (867,1879)  (841,1893)  (841,1867)  (875,1905)  (867,1853)  
Lake-61  (934,1835)  (908,1836)  (950,1861)  (923,1809)  (949,1809)  (960,1835)  (924,1862)  
Lake-62  (1012,1877)  (986,1884)  (1026,1903)  (999,1851)  (1038,1875)  
Lake-63  (1087,1834)  (1061,1842)  (1100,1860)  (1074,1808)  (1113,1831)  
Lake-64  (1165,1877)  (1139,1889)  (1176,1903)  (1149,1851)  
Lake-65  (1243,1839)  (1217,1852)  (1217,1826)  (1248,1865)  (1243,1813)  
Lake-66  (187,1920)  (161,1928)  (200,1946)  (174,1894)  (213,1917)  
Lake-67  (261,1963)  (235,1969)  (249,1937)  (287,1959)  
Lake-68  (342,1922)  (316,1936)  (316,1910)  (349,1948)  (342,1896)  
Lake-69  (408,1963)  (399,1937)  (434,1954)  
Lake-70  (492,1921)  (466,1936)  (466,1910)  (500,1947)  (492,1895)  
Lake-71  (566,1966)  (540,1974)  (547,1940)  (573,1940)  
Lake-72  (635,1922)  (609,1924)  (649,1948)  (623,1896)  (649,1896)  (661,1922)  
Lake-73  (714,1962)  (688,1973)  (699,1936)  (740,1964)  
Lake-74  (787,1923)  (761,1928)  (799,1949)  (772,1897)  (798,1897)  (813,1923)  
Lake-75  (871,1963)  (845,1974)  (845,1948)  (871,1937)  
Lake-76  (938,1919)  (912,1929)  (951,1945)  (924,1893)  (964,1919)  
Lake-77  (1015,1965)  (989,1974)  (998,1939)  (1024,1939)  
Lake-78  (1091,1922)  (1065,1935)  (1065,1909)  (1099,1948)  (1091,1896)  
Lake-79  (1163,1964)  (1137,1972)  (1148,1938)  (1174,1938)  (1189,1964)  
Lake-80  (1236,1921)  (1210,1926)  (1250,1947)  (1223,1895)  (1249,1895)  (1262,1921)  
MidEast-01  (1535,1232)  (1509,1236)  (1550,1258)  (1524,1206)  (1561,1226)  (1524,1262)  
MidEast-02  (1611,1191)  (1585,1195)  (1625,1217)  (1598,1165)  (1624,1165)  (1637,1191)  
MidEast-03  (1688,1230)  (1662,1241)  (1702,1256)  (1675,1204)  
MidEast-04  (2211,1189)  (2185,1195)  (2226,1215)  (2199,1163)  (2237,1185)  
MidEast-05  (2288,1231)  (2262,1241)  (2301,1257)  (2274,1205)  (2314,1231)  
MidEast-06  (2362,1189)  (2336,1196)  (2376,1215)  (2349,1163)  (2388,1187)  
MidEast-07  (2440,1228)  (2414,1245)  (2453,1254)  
MidEast-101  (1384,1319)  (1358,1320)  (1400,1345)  (1373,1293)  (1399,1293)  (1410,1319)  (1374,1346)  
MidEast-102  (1609,1277)  (1583,1277)  (1625,1303)  (1599,1303)  (1598,1251)  (1624,1251)  (1635,1277)  
MidEast-103  (1993,1322)  (1967,1336)  (1967,1310)  (1998,1348)  (1993,1296)  
MidEast-104  (2064,1278)  (2038,1286)  (2074,1304)  (2047,1252)  (2073,1252)  
MidEast-105  (2142,1319)  (2116,1334)  (2116,1308)  (2150,1345)  (2142,1293)  
MidEast-106  (2210,1278)  (2184,1279)  (2224,1304)  (2197,1252)  (2223,1252)  (2236,1278)  
MidEast-107  (2288,1319)  (2262,1327)  (2300,1345)  (2273,1293)  (2299,1293)  (2314,1319)  
MidEast-108  (2360,1274)  (2334,1279)  (2376,1300)  (2349,1248)  (2386,1269)  (2350,1305)  
MidEast-109  (2446,1317)  (2420,1341)  (2420,1315)  (2451,1343)  (2446,1291)  
MidEast-201  (1385,1403)  (1359,1408)  (1401,1429)  (1374,1377)  (1411,1398)  (1375,1434)  
MidEast-202  (1463,1359)  (1437,1370)  (1477,1385)  (1450,1333)  
MidEast-203  (1541,1405)  (1515,1419)  (1515,1393)  (1550,1431)  (1541,1379)  
MidEast-204  (1688,1400)  (1662,1413)  (1703,1426)  
MidEast-205  (1760,1368)  (1734,1365)  (1760,1342)  (1786,1355)  
MidEast-206  (1842,1405)  (1816,1420)  (1816,1394)  (1850,1431)  (1842,1379)  
MidEast-207  (1914,1363)  (1888,1372)  (1925,1389)  (1898,1337)  (1924,1337)  (1940,1363)  
MidEast-208  (1990,1405)  (1964,1417)  (2000,1431)  (1973,1379)  (1999,1379)  
MidEast-209  (2064,1361)  (2038,1372)  (2076,1387)  (2049,1335)  
MidEast-210  (2138,1404)  (2112,1413)  (2150,1430)  (2124,1378)  (2164,1403)  
MidEast-211  (2213,1365)  (2187,1370)  (2224,1391)  (2196,1339)  (2222,1339)  (2239,1365)  
MidEast-212  (2284,1403)  (2258,1406)  (2301,1429)  (2274,1377)  (2310,1396)  (2275,1432)  
MidEast-213  (2361,1361)  (2335,1367)  (2376,1387)  (2349,1335)  (2387,1357)  
MidEast-214  (2440,1403)  (2414,1417)  (2451,1429)  (2424,1377)  
MidEast-30  (1309,1449)  (1283,1449)  (1325,1475)  (1299,1475)  (1298,1423)  (1324,1423)  (1335,1449)  
MidEast-301  (1387,1493)  (1361,1498)  (1399,1519)  (1372,1467)  (1398,1467)  (1413,1493)  
MidEast-302  (1464,1449)  (1438,1458)  (1475,1475)  (1448,1423)  (1474,1423)  (1490,1449)  
MidEast-303  (1539,1487)  (1513,1501)  (1552,1513)  
MidEast-304  (1613,1450)  (1587,1456)  (1624,1476)  (1597,1424)  (1623,1424)  (1639,1450)  
MidEast-305  (1690,1492)  (1664,1503)  (1699,1518)  (1673,1466)  (1699,1466)  
MidEast-306  (1761,1449)  (1735,1453)  (1775,1475)  (1748,1423)  (1774,1423)  (1787,1449)  
MidEast-307  (1836,1489)  (1810,1496)  (1851,1515)  (1824,1463)  (1862,1486)  (1825,1522)  
MidEast-308  (1911,1451)  (1885,1453)  (1924,1477)  (1896,1425)  (1922,1425)  (1937,1451)  
MidEast-309  (1987,1493)  (1961,1498)  (1999,1519)  (1972,1467)  (1998,1467)  (2013,1493)  
MidEast-310  (2060,1448)  (2034,1451)  (2075,1474)  (2048,1422)  (2074,1422)  (2086,1448)  (2049,1477)  
MidEast-311  (2146,1490)  (2120,1513)  (2120,1487)  (2150,1516)  (2146,1464)  
MidEast-312  (2213,1447)  (2187,1456)  (2226,1473)  (2199,1421)  (2239,1447)  
MidEast-313  (2291,1492)  (2265,1505)  (2265,1479)  (2299,1518)  (2291,1466)  
MidEast-314  (2363,1449)  (2337,1456)  (2375,1475)  (2348,1423)  (2374,1423)  (2389,1449)  
MidEast-315  (2441,1491)  (2415,1505)  (2415,1479)  (2450,1517)  (2441,1465)  
MidEast-401  (1242,1575)  (1216,1592)  (1216,1566)  (1251,1601)  (1242,1549)  
MidEast-402  (1314,1531)  (1288,1544)  (1327,1557)  (1300,1505)  
MidEast-403  (1389,1576)  (1363,1587)  (1400,1602)  (1374,1550)  
MidEast-404  (1461,1534)  (1435,1539)  (1475,1560)  (1448,1508)  (1474,1508)  (1487,1534)  
MidEast-405  (1538,1578)  (1512,1585)  (1549,1604)  (1523,1552)  (1549,1552)  (1564,1578)  
MidEast-406  (1611,1534)  (1585,1539)  (1625,1560)  (1598,1508)  (1624,1508)  (1637,1534)  
MidEast-407  (1688,1575)  (1662,1585)  (1701,1601)  (1674,1549)  (1714,1575)  
MidEast-408  (1763,1536)  (1737,1542)  (1774,1562)  (1747,1510)  (1773,1510)  (1789,1536)  
MidEast-409  (1838,1576)  (1812,1585)  (1850,1602)  (1824,1550)  (1864,1575)  
MidEast-410  (1913,1532)  (1887,1542)  (1926,1558)  (1899,1506)  
MidEast-411  (1989,1577)  (1963,1587)  (2000,1603)  (1973,1551)  (1999,1551)  (2015,1577)  
MidEast-412  (2065,1533)  (2039,1545)  (2076,1559)  (2049,1507)  
MidEast-413  (2138,1578)  (2112,1585)  (2149,1604)  (2123,1552)  (2149,1552)  (2164,1578)  
MidEast-414  (2212,1533)  (2186,1540)  (2226,1559)  (2199,1507)  (2238,1531)  
MidEast-415  (2288,1576)  (2262,1585)  (2300,1602)  (2274,1550)  (2314,1575)  
MidEast-417  (2364,1532)  (2338,1544)  (2376,1558)  (2349,1506)  
MidEast-418  (2442,1577)  (2416,1592)  (2416,1566)  (2450,1603)  (2442,1551)  
MidEast-5  (2286,1148)  (2260,1152)  (2299,1174)  (2273,1122)  (2299,1122)  (2312,1148)  
MidEast-502  (1161,1624)  (1135,1625)  (1173,1650)  (1146,1598)  (1172,1598)  (1187,1624)  
MidEast-503  (1234,1664)  (1208,1664)  (1249,1690)  (1223,1690)  (1223,1638)  (1249,1638)  (1260,1664)  
MidEast-504  (1318,1622)  (1292,1637)  (1292,1611)  (1324,1648)  (1318,1596)  
MidEast-505  (1389,1661)  (1363,1673)  (1401,1687)  (1374,1635)  
MidEast-506  (1461,1621)  (1435,1625)  (1475,1647)  (1448,1595)  (1474,1595)  (1487,1621)  
MidEast-507  (1539,1663)  (1513,1673)  (1550,1689)  (1523,1637)  (1549,1637)  (1565,1663)  
MidEast-508  (1613,1621)  (1587,1628)  (1625,1647)  (1598,1595)  (1624,1595)  (1639,1621)  
MidEast-509  (1689,1661)  (1663,1673)  (1701,1687)  (1674,1635)  
MidEast-510  (1761,1620)  (1735,1625)  (1775,1646)  (1748,1594)  (1774,1594)  (1787,1620)  
MidEast-511  (1838,1664)  (1812,1671)  (1849,1690)  (1823,1638)  (1849,1638)  (1864,1664)  
MidEast-512  (1913,1621)  (1887,1628)  (1925,1647)  (1898,1595)  (1924,1595)  (1939,1621)  
MidEast-513  (1986,1663)  (1960,1668)  (2000,1689)  (1973,1637)  (1999,1637)  (2012,1663)  
MidEast-514  (2066,1621)  (2040,1633)  (2040,1607)  (2075,1647)  (2066,1595)  
MidEast-515  (2138,1666)  (2112,1671)  (2148,1692)  (2122,1640)  (2148,1640)  
MidEast-516  (2210,1622)  (2184,1623)  (2224,1648)  (2197,1596)  (2223,1596)  (2236,1622)  
MidEast-517  (2286,1664)  (2260,1668)  (2299,1690)  (2273,1638)  (2299,1638)  (2312,1664)  
MidEast-518  (2364,1622)  (2338,1630)  (2374,1648)  (2347,1596)  (2373,1596)  
MidEast-519  (2444,1661)  (2418,1682)  (2418,1656)  (2451,1687)  (2444,1635)  
MidEast-6  (2363,1105)  (2337,1112)  (2375,1131)  (2348,1079)  (2374,1079)  (2389,1105)  
MidEast-601  (1234,1748)  (1208,1750)  (1250,1774)  (1224,1722)  (1260,1740)  (1224,1776)  
MidEast-602  (1316,1707)  (1290,1719)  (1290,1693)  (1325,1733)  (1316,1681)  
MidEast-603  (1383,1746)  (1402,1772)  (1376,1772)  (1375,1720)  (1409,1739)  
MidEast-604  (1464,1708)  (1438,1716)  (1474,1734)  (1447,1682)  (1473,1682)  
MidEast-605  (1535,1747)  (1509,1752)  (1551,1773)  (1524,1721)  (1561,1742)  (1525,1778)  
MidEast-606  (1611,1706)  (1585,1711)  (1625,1732)  (1598,1680)  (1624,1680)  (1637,1706)  
MidEast-607  (1689,1748)  (1663,1759)  (1700,1774)  (1674,1722)  
MidEast-608  (1766,1707)  (1740,1719)  (1740,1693)  (1775,1733)  (1766,1681)  
MidEast-609  (1837,1750)  (1811,1756)  (1849,1776)  (1823,1724)  (1849,1724)  (1863,1750)  
MidEast-610  (1911,1708)  (1885,1711)  (1924,1734)  (1897,1682)  (1923,1682)  (1937,1708)  
MidEast-611  (1980,1748)  (2000,1774)  (1974,1774)  (1974,1722)  (2006,1733)  
MidEast-612  (2060,1705)  (2034,1709)  (2076,1731)  (2049,1679)  (2086,1699)  (2050,1735)  
MidEast-613  (2140,1749)  (2114,1761)  (2150,1775)  (2123,1723)  (2149,1723)  
MidEast-614  (2213,1709)  (2187,1714)  (2224,1735)  (2196,1683)  (2222,1683)  (2239,1709)  
MidEast-615  (2288,1750)  (2262,1757)  (2299,1776)  (2273,1724)  (2299,1724)  (2314,1750)  
MidEast-616  (2358,1704)  (2376,1730)  (2350,1730)  (2349,1678)  (2384,1696)  
MidEast-617  (2441,1747)  (2415,1763)  (2415,1737)  (2451,1773)  (2441,1721)  
MidEast-7  (2437,1143)  (2411,1154)  (2452,1169)  (2463,1143)  
MidEast-702  (1310,1793)  (1284,1795)  (1325,1819)  (1298,1767)  (1324,1767)  (1336,1793)  (1299,1821)  
MidEast-703  (1391,1837)  (1365,1849)  (1365,1823)  (1399,1863)  (1391,1811)  
MidEast-704  (1462,1794)  (1436,1798)  (1474,1820)  (1447,1768)  (1473,1768)  (1488,1794)  
MidEast-705  (1530,1835)  (1550,1861)  (1524,1861)  (1523,1809)  (1549,1809)  (1556,1835)  
MidEast-706  (1617,1795)  (1591,1807)  (1591,1781)  (1624,1821)  (1617,1769)  
MidEast-707  (1690,1834)  (1664,1847)  (1700,1860)  (1674,1808)  
MidEast-708  (1760,1791)  (1734,1795)  (1776,1817)  (1749,1765)  (1786,1785)  (1750,1821)  
MidEast-709  (1838,1838)  (1812,1843)  (1848,1864)  (1822,1812)  (1848,1812)  
MidEast-710  (1913,1794)  (1887,1800)  (1924,1820)  (1897,1768)  (1923,1768)  (1939,1794)  
MidEast-711  (1984,1834)  (1958,1836)  (2000,1860)  (1974,1808)  (2010,1826)  (1974,1862)  
MidEast-712  (2061,1791)  (2035,1797)  (2076,1817)  (2049,1765)  (2087,1787)  
MidEast-713  (2136,1835)  (2110,1840)  (2150,1861)  (2123,1809)  (2149,1809)  (2162,1835)  
MidEast-714  (2214,1792)  (2188,1802)  (2225,1818)  (2198,1766)  (2224,1766)  (2240,1792)  
MidEast-715  (2288,1833)  (2262,1843)  (2301,1859)  (2274,1807)  (2314,1833)  
MidEast-716  (2363,1793)  (2337,1800)  (2375,1819)  (2348,1767)  (2374,1767)  (2389,1793)  
MidEast-717  (2442,1833)  (2416,1850)  (2416,1824)  (2451,1859)  (2442,1807)  
MidEast-802  (1312,1879)  (1286,1884)  (1325,1905)  (1298,1853)  (1324,1853)  (1338,1879)  
MidEast-803  (1387,1921)  (1361,1928)  (1400,1947)  (1373,1895)  (1399,1895)  (1413,1921)  
MidEast-804  (1462,1880)  (1436,1884)  (1474,1906)  (1447,1854)  (1473,1854)  (1488,1880)  
MidEast-805  (1538,1926)  (1512,1929)  (1547,1952)  (1520,1900)  (1546,1900)  
MidEast-806  (1612,1878)  (1586,1884)  (1625,1904)  (1598,1852)  (1624,1852)  (1638,1878)  
MidEast-807  (1690,1920)  (1664,1933)  (1700,1946)  (1674,1894)  
MidEast-808  (1763,1879)  (1737,1886)  (1775,1905)  (1748,1853)  (1774,1853)  (1789,1879)  
MidEast-809  (1831,1923)  (1849,1949)  (1823,1949)  (1822,1897)  (1848,1897)  (1857,1923)  
MidEast-810  (1912,1876)  (1886,1884)  (1926,1902)  (1899,1850)  (1938,1875)  
MidEast-811  (1984,1922)  (1958,1922)  (1999,1948)  (1973,1948)  (1973,1896)  (1999,1896)  (2010,1922)  
MidEast-812  (2061,1880)  (2035,1883)  (2074,1906)  (2047,1854)  (2073,1854)  (2087,1880)  
MidEast-813  (2134,1922)  (2108,1922)  (2149,1948)  (2123,1948)  (2123,1896)  (2149,1896)  (2160,1922)  
MidEast-814  (2215,1880)  (2189,1889)  (2224,1906)  (2197,1854)  (2223,1854)  
MidEast-815  (2290,1924)  (2264,1933)  (2298,1950)  (2272,1898)  (2298,1898)  
MidEast-816  (2362,1880)  (2336,1884)  (2374,1906)  (2347,1854)  (2373,1854)  (2388,1880)  
MidEast-817  (2439,1919)  (2413,1931)  (2451,1945)  (2424,1893)  
MidEast-902  (1303,1966)  (1297,1940)  (1323,1940)  (1329,1966)  
MidEast-904  (1459,1966)  (1433,1965)  (1459,1940)  (1485,1956)  
MidEast-906  (1613,1968)  (1587,1972)  (1596,1942)  (1622,1942)  
MidEast-908  (1759,1962)  (1733,1965)  (1749,1936)  (1785,1956)  
MidEast-910  (1910,1963)  (1884,1967)  (1899,1937)  (1936,1957)  
MidEast-912  (2064,1967)  (2038,1973)  (2046,1941)  (2072,1941)  
MidEast-914  (2210,1963)  (2184,1967)  (2199,1937)  (2236,1957)  
MidEast-916  (2361,1965)  (2335,1969)  (2348,1939)  (2374,1939)  (2387,1965)  
NorAm-01  (32,801)  (51,827)  (25,827)  (24,775)  (58,791)  
NorAm-1001  (39,1664)  (13,1673)  (49,1690)  (23,1638)  (49,1638)  (65,1664)  
NorAm-1002  (113,1619)  (87,1628)  (126,1645)  (99,1593)  (139,1619)  
NorAm-101  (36,889)  (10,894)  (50,915)  (23,863)  (49,863)  (62,889)  
NorAm-102  (111,846)  (85,851)  (125,872)  (98,820)  (124,820)  (137,846)  
NorAm-103  (187,888)  (161,896)  (200,914)  (174,862)  (213,885)  
NorAm-104  (261,851)  (235,851)  (245,825)  (271,825)  (287,851)  
NorAm-105  (337,888)  (311,896)  (350,914)  (324,862)  (363,885)  
NorAm-107  (488,889)  (462,897)  (500,915)  (473,863)  (499,863)  (514,889)  
NorAm-109  (639,889)  (613,899)  (650,915)  (623,863)  (649,863)  (665,889)  
NorAm-1101  (33,1749)  (50,1775)  (24,1775)  (23,1723)  (49,1723)  (59,1749)  
NorAm-1102  (115,1708)  (89,1717)  (124,1734)  (97,1682)  (123,1682)  
NorAm-1106  (415,1707)  (389,1717)  (425,1733)  (398,1681)  (424,1681)  
NorAm-1107  (490,1746)  (464,1761)  (502,1772)  (475,1720)  
NorAm-1108  (563,1706)  (537,1714)  (575,1732)  (548,1680)  (574,1680)  (589,1706)  
NorAm-1109  (638,1747)  (612,1757)  (651,1773)  (624,1721)  (664,1747)  
NorAm-111  (787,890)  (761,896)  (799,916)  (773,864)  (799,864)  (813,890)  
NorAm-1110  (713,1707)  (687,1714)  (725,1733)  (698,1681)  (724,1681)  (739,1707)  
NorAm-1111  (785,1747)  (759,1752)  (801,1773)  (774,1721)  (811,1742)  (775,1778)  
NorAm-1201  (35,1836)  (9,1838)  (49,1862)  (23,1810)  (49,1810)  (61,1836)  
NorAm-1202  (116,1795)  (90,1805)  (90,1779)  (124,1821)  (116,1769)  
NorAm-1206  (409,1792)  (383,1793)  (425,1818)  (398,1766)  (424,1766)  (435,1792)  (399,1819)  
NorAm-1208  (563,1792)  (537,1800)  (575,1818)  (548,1766)  (574,1766)  (589,1792)  
NorAm-1209  (637,1833)  (611,1842)  (651,1859)  (624,1807)  (663,1831)  
NorAm-1210  (707,1792)  (725,1818)  (699,1818)  (698,1766)  (724,1766)  (733,1792)  
NorAm-1211  (786,1830)  (760,1840)  (803,1856)  (812,1830)  (777,1866)  
NorAm-1212  (857,1793)  (875,1819)  (849,1819)  (848,1767)  (874,1767)  (883,1793)  
NorAm-1301  (35,1924)  (9,1924)  (48,1950)  (22,1898)  (48,1898)  (61,1924)  
NorAm-1302  (117,1881)  (91,1893)  (91,1867)  (124,1907)  (117,1855)  
NorAm-1402  (115,1965)  (89,1974)  (98,1939)  (124,1939)  
NorAm-201  (39,978)  (13,985)  (48,1004)  (22,952)  (48,952)  
NorAm-202  (108,932)  (125,958)  (99,958)  (98,906)  (124,906)  (134,932)  
NorAm-203  (189,977)  (163,985)  (199,1003)  (172,951)  (198,951)  
NorAm-204  (262,933)  (236,938)  (275,959)  (248,907)  (274,907)  (288,933)  
NorAm-205  (338,978)  (312,983)  (348,1004)  (322,952)  (348,952)  
NorAm-206  (412,932)  (386,938)  (425,958)  (398,906)  (424,906)  (438,932)  
NorAm-207  (487,975)  (461,982)  (500,1001)  (473,949)  (499,949)  (513,975)  
NorAm-208  (567,933)  (541,947)  (541,921)  (575,959)  (567,907)  
NorAm-209  (640,978)  (614,987)  (648,1004)  (622,952)  (648,952)  
NorAm-210  (716,935)  (690,945)  (690,919)  (724,961)  (716,909)  
NorAm-211  (789,978)  (763,985)  (798,1004)  (772,952)  (798,952)  
NorAm-212  (861,933)  (835,937)  (875,959)  (848,907)  (874,907)  (887,933)  
NorAm-213  (939,976)  (913,985)  (949,1002)  (923,950)  (949,950)  (965,976)  
NorAm-301  (37,1060)  (11,1068)  (50,1086)  (24,1034)  (63,1057)  
NorAm-302  (115,1021)  (89,1029)  (124,1047)  (96,995)  (122,995)  
NorAm-303  (187,1062)  (161,1068)  (199,1088)  (173,1036)  (199,1036)  (213,1062)  
NorAm-304  (264,1019)  (238,1028)  (275,1045)  (248,993)  (274,993)  (290,1019)  
NorAm-305  (338,1061)  (312,1069)  (350,1087)  (323,1035)  (349,1035)  (364,1061)  
NorAm-306  (413,1021)  (387,1026)  (424,1047)  (396,995)  (422,995)  (439,1021)  
NorAm-307  (491,1062)  (465,1075)  (465,1049)  (499,1088)  (491,1036)  
NorAm-308  (562,1020)  (536,1024)  (574,1046)  (547,994)  (573,994)  (588,1020)  
NorAm-309  (640,1064)  (614,1073)  (648,1090)  (622,1038)  (648,1038)  
NorAm-310  (714,1019)  (688,1028)  (725,1045)  (698,993)  (724,993)  (740,1019)  
NorAm-311  (789,1062)  (763,1071)  (799,1088)  (773,1036)  (799,1036)  (815,1062)  
NorAm-312  (861,1018)  (835,1023)  (875,1044)  (848,992)  (874,992)  (887,1018)  
NorAm-313  (937,1063)  (911,1068)  (949,1089)  (922,1037)  (948,1037)  (963,1063)  
NorAm-314  (1012,1018)  (986,1024)  (1025,1044)  (998,992)  (1024,992)  (1038,1018)  
NorAm-401  (42,1146)  (16,1162)  (16,1136)  (50,1172)  (42,1120)  
NorAm-402  (114,1106)  (88,1114)  (124,1132)  (97,1080)  (123,1080)  
NorAm-403  (192,1147)  (166,1162)  (166,1136)  (200,1173)  (192,1121)  
NorAm-404  (267,1106)  (241,1119)  (241,1093)  (274,1132)  (267,1080)  
NorAm-405  (337,1146)  (311,1154)  (350,1172)  (324,1120)  (363,1143)  
NorAm-406  (410,1105)  (384,1107)  (425,1131)  (398,1079)  (424,1079)  (436,1105)  (399,1133)  
NorAm-407  (490,1148)  (464,1159)  (499,1174)  (473,1122)  (499,1122)  
NorAm-408  (561,1105)  (535,1109)  (575,1131)  (548,1079)  (574,1079)  (587,1105)  
NorAm-409  (638,1148)  (612,1155)  (649,1174)  (623,1122)  (649,1122)  (664,1148)  
NorAm-410  (716,1105)  (690,1117)  (690,1091)  (725,1131)  (716,1079)  
NorAm-411  (788,1147)  (762,1155)  (800,1173)  (773,1121)  (799,1121)  (814,1147)  
NorAm-412  (864,1105)  (838,1114)  (875,1131)  (848,1079)  (874,1079)  (890,1105)  
NorAm-413  (937,1147)  (911,1154)  (950,1173)  (923,1121)  (949,1121)  (963,1147)  
NorAm-414  (1014,1103)  (988,1114)  (1026,1129)  (999,1077)  
NorAm-415  (1089,1146)  (1063,1157)  (1100,1172)  (1074,1120)  
NorAm-501  (38,1233)  (12,1241)  (50,1259)  (23,1207)  (49,1207)  (64,1233)  
NorAm-502  (112,1192)  (86,1196)  (124,1218)  (97,1166)  (123,1166)  (138,1192)  
NorAm-503  (187,1234)  (161,1240)  (199,1260)  (173,1208)  (199,1208)  (213,1234)  
NorAm-504  (261,1190)  (235,1195)  (275,1216)  (248,1164)  (274,1164)  (287,1190)  
NorAm-505  (337,1232)  (311,1240)  (350,1258)  (324,1206)  (363,1229)  
NorAm-506  (414,1191)  (388,1200)  (425,1217)  (398,1165)  (424,1165)  (440,1191)  
NorAm-507  (487,1236)  (461,1240)  (498,1262)  (472,1210)  (498,1210)  (513,1236)  
NorAm-508  (558,1189)  (576,1215)  (550,1215)  (549,1163)  (584,1180)  
NorAm-509  (639,1233)  (613,1243)  (650,1259)  (623,1207)  (649,1207)  (665,1233)  
NorAm-510  (710,1190)  (684,1193)  (725,1216)  (698,1164)  (724,1164)  (736,1190)  (699,1219)  
NorAm-511  (789,1233)  (763,1243)  (800,1259)  (773,1207)  (799,1207)  (815,1233)  
NorAm-512  (860,1189)  (834,1193)  (876,1215)  (849,1163)  (886,1183)  (850,1219)  
NorAm-513  (941,1233)  (915,1247)  (915,1221)  (950,1259)  (941,1207)  
NorAm-514  (1009,1189)  (983,1191)  (1026,1215)  (999,1163)  (1035,1182)  (1000,1217)  
NorAm-515  (1087,1231)  (1061,1240)  (1101,1257)  (1074,1205)  (1113,1229)  
NorAm-601  (40,1319)  (14,1331)  (50,1345)  (23,1293)  (49,1293)  
NorAm-602  (113,1278)  (87,1284)  (124,1304)  (97,1252)  (123,1252)  (139,1278)  
NorAm-603  (190,1319)  (164,1331)  (200,1345)  (173,1293)  (199,1293)  
NorAm-604  (262,1277)  (236,1282)  (275,1303)  (248,1251)  (274,1251)  (288,1277)  
NorAm-605  (338,1319)  (312,1327)  (350,1345)  (323,1293)  (349,1293)  (364,1319)  
NorAm-606  (415,1277)  (389,1287)  (425,1303)  (398,1251)  (424,1251)  
NorAm-608  (565,1279)  (539,1287)  (574,1305)  (546,1253)  (572,1253)  
NorAm-610  (717,1278)  (691,1291)  (691,1265)  (724,1304)  (717,1252)  
NorAm-611  (789,1319)  (763,1329)  (800,1345)  (773,1293)  (799,1293)  (815,1319)  
NorAm-612  (862,1277)  (836,1282)  (875,1303)  (848,1251)  (874,1251)  (888,1277)  
NorAm-613  (939,1319)  (913,1329)  (950,1345)  (923,1293)  (949,1293)  (965,1319)  
NorAm-614  (1015,1277)  (989,1287)  (1025,1303)  (998,1251)  (1024,1251)  
NorAm-615  (1096,1317)  (1070,1341)  (1070,1315)  (1101,1343)  (1096,1291)  
NorAm-617  (1233,1321)  (1249,1347)  (1223,1347)  (1222,1295)  (1248,1295)  (1259,1321)  
NorAm-701  (38,1405)  (12,1413)  (50,1431)  (23,1379)  (49,1379)  (64,1405)  
NorAm-702  (112,1365)  (86,1368)  (124,1391)  (96,1339)  (122,1339)  (138,1365)  
NorAm-703  (186,1405)  (160,1410)  (200,1431)  (173,1379)  (199,1379)  (212,1405)  
NorAm-704  (262,1362)  (236,1368)  (275,1388)  (248,1336)  (274,1336)  (288,1362)  
NorAm-712  (862,1363)  (836,1368)  (875,1389)  (848,1337)  (874,1337)  (888,1363)  
NorAm-713  (935,1404)  (909,1408)  (950,1430)  (924,1378)  (961,1398)  (924,1434)  
NorAm-714  (1014,1361)  (988,1372)  (1026,1387)  (999,1335)  
NorAm-715  (1090,1402)  (1064,1417)  (1102,1428)  (1075,1376)  
NorAm-716  (1161,1363)  (1135,1367)  (1175,1389)  (1148,1337)  (1174,1337)  (1187,1363)  
NorAm-717  (1241,1404)  (1215,1419)  (1215,1393)  (1250,1430)  (1241,1378)  
NorAm-718  (1313,1363)  (1287,1370)  (1325,1389)  (1298,1337)  (1324,1337)  (1339,1363)  
NorAm-801  (39,1491)  (13,1501)  (50,1517)  (23,1465)  (49,1465)  (65,1491)  
NorAm-802  (110,1452)  (84,1451)  (123,1478)  (110,1426)  (136,1441)  
NorAm-803  (187,1490)  (161,1498)  (200,1516)  (174,1464)  (213,1487)  
NorAm-813  (937,1491)  (911,1498)  (950,1517)  (923,1465)  (949,1465)  (963,1491)  
NorAm-814  (1013,1451)  (987,1456)  (1024,1477)  (996,1425)  (1022,1425)  (1039,1451)  
NorAm-815  (1091,1491)  (1065,1505)  (1065,1479)  (1100,1517)  (1091,1465)  
NorAm-816  (1163,1447)  (1137,1456)  (1176,1473)  (1149,1421)  (1189,1447)  
NorAm-817  (1237,1492)  (1211,1498)  (1249,1518)  (1223,1466)  (1249,1466)  (1263,1492)  
NorAm-901  (34,1576)  (8,1578)  (50,1602)  (24,1550)  (60,1568)  (24,1604)  
NorAm-902  (115,1533)  (89,1545)  (126,1559)  (99,1507)  
NorAm-903  (188,1580)  (162,1585)  (198,1606)  (172,1554)  (198,1554)  
NorAm-914  (1016,1531)  (990,1547)  (990,1521)  (1027,1557)  (1016,1505)  
NorAm-915  (1089,1577)  (1063,1587)  (1100,1603)  (1073,1551)  (1099,1551)  (1115,1577)  
NorAm-916  (1162,1535)  (1136,1540)  (1175,1561)  (1148,1509)  (1174,1509)  (1188,1535)  
River-01  (2139,1234)  (2113,1243)  (2149,1260)  (2123,1208)  (2149,1208)  (2165,1234)  
River-02  (2061,1192)  (2035,1195)  (2074,1218)  (2047,1166)  (2073,1166)  (2087,1192)  
River-03  (1994,1234)  (1968,1252)  (1968,1226)  (1999,1260)  (1994,1208)  
River-04  (1912,1275)  (1886,1282)  (1926,1301)  (1899,1249)  (1938,1273)  
River-05  (1837,1319)  (1811,1326)  (1850,1345)  (1823,1293)  (1849,1293)  (1863,1319)  
River-06  (1764,1276)  (1738,1286)  (1775,1302)  (1748,1250)  (1774,1250)  (1790,1276)  
River-07  (1690,1320)  (1664,1331)  (1699,1346)  (1673,1294)  (1699,1294)  
River-08  (1611,1364)  (1585,1367)  (1624,1390)  (1597,1338)  (1623,1338)  (1637,1364)  
River-09  (1534,1321)  (1508,1320)  (1549,1347)  (1523,1347)  (1534,1295)  (1560,1310)  
River-10  (1463,1279)  (1437,1284)  (1474,1305)  (1446,1253)  (1472,1253)  (1489,1279)  
River-11  (1387,1236)  (1361,1240)  (1398,1262)  (1372,1210)  (1398,1210)  (1413,1236)  
River-12  (1314,1279)  (1288,1286)  (1324,1305)  (1296,1253)  (1322,1253)  
River-13  (1313,1192)  (1287,1198)  (1324,1218)  (1297,1166)  (1323,1166)  (1339,1192)  
River-14  (1389,1145)  (1363,1157)  (1401,1171)  (1374,1119)  
River-15  (1157,1276)  (1175,1302)  (1149,1302)  (1148,1250)  (1174,1250)  (1183,1276)  
River-16  (1237,1236)  (1211,1240)  (1248,1262)  (1222,1210)  (1248,1210)  (1263,1236)  
River-17  (1164,1191)  (1138,1200)  (1175,1217)  (1148,1165)  (1174,1165)  (1190,1191)  
River-18  (1240,1145)  (1214,1159)  (1251,1171)  (1224,1119)  
River-19  (1314,1107)  (1288,1114)  (1324,1133)  (1296,1081)  (1322,1081)  
River-20  (1237,1064)  (1211,1068)  (1248,1090)  (1222,1038)  (1248,1038)  (1263,1064)  
River-21  (1161,1106)  (1135,1109)  (1174,1132)  (1147,1080)  (1173,1080)  (1187,1106)  
River-22  (1092,1063)  (1066,1076)  (1066,1050)  (1099,1089)  (1092,1037)  
River-23  (1088,975)  (1062,983)  (1100,1001)  (1073,949)  (1099,949)  (1114,975)  
River-24  (1088,889)  (1062,897)  (1100,915)  (1073,863)  (1099,863)  (1114,889)  
River-25  (1090,804)  (1064,815)  (1099,830)  (1073,778)  (1099,778)  
River-26  (1163,760)  (1137,768)  (1175,786)  (1148,734)  (1174,734)  (1189,760)  
River-27  (1238,717)  (1212,725)  (1250,743)  (1223,691)  (1249,691)  (1264,717)  
River-28  (1312,678)  (1286,680)  (1323,704)  (1296,652)  (1322,652)  (1338,678)  
River-29  (1313,590)  (1287,596)  (1324,616)  (1297,564)  (1323,564)  (1339,590)  
Russia-01  (39,29)  (13,39)  (50,55)  (23,3)  (49,3)  (65,29)  
Russia-02  (113,73)  (87,80)  (125,99)  (98,47)  (124,47)  (139,73)  
Russia-03  (188,35)  (162,37)  (170,9)  (196,9)  
Russia-04  (266,73)  (240,85)  (240,59)  (275,99)  (266,47)  
Russia-05  (341,32)  (315,43)  (315,17)  (348,58)  (341,6)  
Russia-06  (413,74)  (387,80)  (424,100)  (397,48)  (423,48)  (439,74)  
Russia-07  (488,31)  (462,37)  (499,57)  (472,5)  (498,5)  (514,31)  
Russia-08  (562,73)  (536,78)  (575,99)  (548,47)  (574,47)  (588,73)  
Russia-09  (639,30)  (613,39)  (649,56)  (623,4)  (649,4)  (665,30)  
Russia-101  (40,118)  (14,127)  (48,144)  (22,92)  (48,92)  
Russia-1013  (940,889)  (914,901)  (950,915)  (923,863)  (949,863)  
Russia-1014  (1014,934)  (988,942)  (1024,960)  (997,908)  (1023,908)  
Russia-102  (115,160)  (89,169)  (124,186)  (97,134)  (123,134)  
Russia-103  (191,116)  (165,129)  (165,103)  (199,142)  (191,90)  
Russia-104  (264,157)  (238,168)  (276,183)  (249,131)  
Russia-105  (334,116)  (308,116)  (349,142)  (323,142)  (323,90)  (349,90)  (360,116)  
Russia-106  (412,161)  (386,164)  (424,187)  (396,135)  (422,135)  (438,161)  
Russia-107  (489,117)  (463,125)  (499,143)  (472,91)  (498,91)  
Russia-108  (560,159)  (534,161)  (575,185)  (548,133)  (574,133)  (586,159)  (549,187)  
Russia-109  (641,115)  (615,129)  (615,103)  (650,141)  (641,89)  
Russia-117  (1237,118)  (1211,122)  (1248,144)  (1222,92)  (1248,92)  (1263,118)  
Russia-16  (1162,71)  (1136,78)  (1176,97)  (1149,45)  (1188,69)  
Russia-17  (1237,31)  (1211,36)  (1249,57)  (1222,5)  (1248,5)  (1263,31)  
Russia-201  (37,202)  (11,208)  (49,228)  (23,176)  (49,176)  (63,202)  
Russia-202  (117,244)  (91,259)  (91,233)  (125,270)  (117,218)  
Russia-203  (187,202)  (161,208)  (199,228)  (173,176)  (199,176)  (213,202)  
Russia-205  (336,202)  (310,206)  (349,228)  (323,176)  (349,176)  (362,202)  
Russia-206  (414,246)  (388,254)  (424,272)  (397,220)  (423,220)  
Russia-207  (487,202)  (461,208)  (499,228)  (473,176)  (499,176)  (513,202)  
Russia-208  (563,244)  (537,252)  (575,270)  (548,218)  (574,218)  (589,244)  
Russia-209  (640,200)  (614,213)  (650,226)  (624,174)  
Russia-210  (716,244)  (690,257)  (690,231)  (725,270)  (716,218)  
Russia-212  (859,247)  (833,245)  (874,273)  (859,221)  (885,236)  
Russia-213  (940,202)  (914,213)  (949,228)  (923,176)  (949,176)  
Russia-301  (35,288)  (9,290)  (49,314)  (23,262)  (49,262)  (61,288)  
Russia-302  (111,331)  (85,335)  (125,357)  (98,305)  (124,305)  (137,331)  
Russia-307  (491,286)  (465,301)  (465,275)  (500,312)  (491,260)  
Russia-308  (564,331)  (538,340)  (575,357)  (548,305)  (574,305)  (590,331)  
Russia-309  (640,289)  (614,299)  (649,315)  (622,263)  (648,263)  
Russia-310  (715,330)  (689,341)  (725,356)  (698,304)  (724,304)  
Russia-311  (789,288)  (763,297)  (799,314)  (773,262)  (799,262)  (815,288)  
Russia-312  (861,330)  (835,335)  (875,356)  (848,304)  (874,304)  (887,330)  
Russia-313  (941,288)  (915,301)  (915,275)  (949,314)  (941,262)  
Russia-401  (42,377)  (16,388)  (16,362)  (48,403)  (42,351)  
Russia-402  (114,415)  (88,426)  (126,441)  (99,389)  
Russia-407  (489,373)  (463,383)  (500,399)  (473,347)  (499,347)  (515,373)  
Russia-408  (563,417)  (537,424)  (575,443)  (548,391)  (574,391)  (589,417)  
Russia-409  (640,374)  (614,385)  (649,400)  (623,348)  (649,348)  
Russia-410  (715,414)  (689,427)  (726,440)  (699,388)  
Russia-411  (788,375)  (762,381)  (799,401)  (772,349)  (798,349)  (814,375)  
Russia-412  (862,415)  (836,422)  (876,441)  (849,389)  (888,413)  
Russia-413  (937,372)  (911,380)  (950,398)  (924,346)  (963,369)  
Russia-414  (1013,417)  (987,424)  (1025,443)  (998,391)  (1024,391)  (1039,417)  
Russia-415  (1090,373)  (1064,385)  (1100,399)  (1073,347)  (1099,347)  
Russia-416  (1163,412)  (1137,424)  (1178,438)  
Russia-501  (37,460)  (11,466)  (49,486)  (23,434)  (49,434)  (63,460)  
Russia-502  (112,502)  (86,508)  (125,528)  (98,476)  (124,476)  (138,502)  
Russia-504  (265,502)  (239,513)  (275,528)  (248,476)  (274,476)  
Russia-505  (339,460)  (313,469)  (349,486)  (323,434)  (349,434)  (365,460)  
Russia-506  (414,505)  (388,512)  (424,531)  (396,479)  (422,479)  
Russia-507  (488,458)  (462,467)  (500,484)  (474,432)  (514,457)  
Russia-508  (563,504)  (537,510)  (574,530)  (547,478)  (573,478)  (589,504)  
Russia-509  (639,459)  (613,469)  (650,485)  (623,433)  (649,433)  (665,459)  
Russia-510  (714,502)  (688,512)  (725,528)  (698,476)  (724,476)  (740,502)  
Russia-511  (787,460)  (761,466)  (799,486)  (773,434)  (799,434)  (813,460)  
Russia-512  (863,503)  (837,510)  (875,529)  (848,477)  (874,477)  (889,503)  
Russia-513  (938,457)  (912,467)  (951,483)  (924,431)  (964,457)  
Russia-514  (1013,503)  (987,510)  (1025,529)  (998,477)  (1024,477)  (1039,503)  
Russia-515  (1087,460)  (1061,466)  (1099,486)  (1073,434)  (1099,434)  (1113,460)  
Russia-516  (1162,503)  (1136,508)  (1175,529)  (1148,477)  (1174,477)  (1188,503)  
Russia-517  (1236,461)  (1210,464)  (1249,487)  (1222,435)  (1248,435)  (1262,461)  
Russia-601  (32,548)  (48,574)  (22,522)  (48,522)  (58,548)  
Russia-602  (115,589)  (89,599)  (125,615)  (98,563)  (124,563)  
Russia-605  (341,548)  (315,559)  (315,533)  (348,574)  (341,522)  
Russia-606  (414,587)  (388,598)  (426,613)  (399,561)  
Russia-607  (490,547)  (464,557)  (499,573)  (472,521)  (498,521)  
Russia-609  (638,544)  (612,553)  (650,570)  (624,518)  (664,543)  
Russia-610  (712,587)  (686,594)  (726,613)  (699,561)  (738,585)  
Russia-611  (787,546)  (761,552)  (799,572)  (773,520)  (799,520)  (813,546)  
Russia-612  (862,589)  (836,594)  (875,615)  (848,563)  (874,563)  (888,589)  
Russia-613  (938,544)  (912,553)  (950,570)  (924,518)  (964,543)  
Russia-614  (1011,590)  (985,593)  (1024,616)  (997,564)  (1023,564)  (1037,590)  
Russia-615  (1089,547)  (1063,555)  (1099,573)  (1072,521)  (1098,521)  
Russia-616  (1163,589)  (1137,596)  (1175,615)  (1148,563)  (1174,563)  (1189,589)  
Russia-617  (1240,543)  (1214,557)  (1251,569)  (1224,517)  
Russia-701  (36,632)  (10,636)  (49,658)  (23,606)  (49,606)  (62,632)  
Russia-706  (417,669)  (391,689)  (391,663)  (428,695)  
Russia-707  (491,632)  (465,645)  (465,619)  (499,658)  (491,606)  
Russia-709  (639,631)  (613,641)  (650,657)  (623,605)  (649,605)  (665,631)  
Russia-710  (715,673)  (689,685)  (726,699)  (699,647)  
Russia-711  (787,631)  (761,638)  (800,657)  (773,605)  (799,605)  (813,631)  
Russia-712  (863,675)  (837,682)  (875,701)  (848,649)  (874,649)  (889,675)  
Russia-713  (936,631)  (910,636)  (950,657)  (923,605)  (949,605)  (962,631)  
Russia-714  (1008,677)  (1024,703)  (996,651)  (1022,651)  (1034,677)  
Russia-715  (1087,632)  (1061,638)  (1099,658)  (1073,606)  (1099,606)  (1113,632)  
Russia-716  (1160,675)  (1134,677)  (1175,701)  (1148,649)  (1174,649)  (1186,675)  (1149,703)  
Russia-717  (1236,627)  (1210,636)  (1252,653)  (1262,626)  (1226,662)  
Russia-805  (338,718)  (312,725)  (349,744)  (323,692)  (349,692)  (364,718)  
Russia-806  (412,763)  (386,766)  (424,789)  (396,737)  (422,737)  (438,763)  
Russia-807  (488,716)  (462,725)  (500,742)  (474,690)  (514,715)  
Russia-809  (643,718)  (617,734)  (617,708)  (649,744)  (643,692)  
Russia-810  (711,762)  (685,765)  (724,788)  (697,736)  (723,736)  (737,762)  
Russia-811  (788,719)  (762,725)  (799,745)  (772,693)  (798,693)  (814,719)  
Russia-812  (865,761)  (839,771)  (875,787)  (848,735)  (874,735)  
Russia-813  (939,719)  (913,727)  (949,745)  (922,693)  (948,693)  
Russia-814  (1013,763)  (987,768)  (1024,789)  (996,737)  (1022,737)  (1039,763)  
Russia-815  (1084,719)  (1058,718)  (1099,745)  (1073,745)  (1084,693)  (1110,708)  
Russia-908  (563,848)  (537,854)  (574,874)  (547,822)  (573,822)  (589,848)  
Russia-909  (637,803)  (611,810)  (650,829)  (623,777)  (649,777)  (663,803)  
Russia-910  (713,846)  (687,854)  (725,872)  (698,820)  (724,820)  (739,846)  
Russia-911  (787,804)  (761,810)  (799,830)  (773,778)  (799,778)  (813,804)  
Russia-912  (862,846)  (836,852)  (875,872)  (848,820)  (874,820)  (888,846)  
Russia-913  (939,804)  (913,813)  (949,830)  (923,778)  (949,778)  (965,804)  
Russia-914  (1016,847)  (990,859)  (990,833)  (1025,873)  (1016,821)  
Swamp-01  (2358,72)  (2375,98)  (2349,98)  (2348,46)  (2374,46)  (2384,72)  
Swamp-02  (2440,30)  (2414,41)  (2449,56)  (2423,4)  (2449,4)  
Swamp-03  (2363,155)  (2337,166)  (2377,181)  (2350,129)  
Swamp-04  (2444,114)  (2418,134)  (2418,108)  (2450,140)  (2444,88)  
Swamp-05  (2364,247)  (2338,254)  (2374,273)  (2346,221)  (2372,221)  
Swamp-06  (2363,333)  (2337,338)  (2374,359)  (2346,307)  (2372,307)  (2389,333)  
